programming 1
kN
m
*	NNOD	NBC	NMAT	NSEC	ITP	NNE	IFORCE
	6	4	3	2	3	2	1

*	COOR (m)
1	0	0
2	3	0
3	6	0
4	6	0
5	9	0
6	7.500000e+00	-1.720000e+00

*	NFIX (u,v)
1	-1	-1	-1
2	0	-1	0
3	0	0	-1
4	3	3	3
5	-1	-1	-1
6	-1	-1	-1

*	External Load (kN): Px, Py
1	0	0	0
2	0	0	0
3	3.536000e+01	3.536000e+01	0
4	0	0	0
5	0	0	0
6	0	0	0

*	IDBC
1	1	2	1	1	0
2	2	3	2	1	0
3	4	5	1	1	0
4	3	6	3	2	0

*	PROP
1	160000000	3.000000e-01	0	0	0
2	80000000	3.500000e-01	0	0	0
3	120000000	2.500000e-01	0	0	0

*	SECT
1	8.000000e-01	2500	0	0	0
2	3.000000e-02	90	0	0	0